0.13281 0.67188 0.06250
0.14844 0.67188 0.05469
0.14063 0.67188 0.04688
0.12500 0.67188 0.03906
0.14844 0.66406 0.07031
0.17188 0.66406 0.06250
0.17188 0.66406 0.05469
0.17188 0.66406 0.04688
0.15625 0.66406 0.03906
0.13281 0.66406 0.03125
0.17188 0.65625 0.07031
0.17969 0.65625 0.06250
0.18750 0.65625 0.05469
0.17969 0.65625 0.04688
0.17188 0.65625 0.03906
0.14844 0.65625 0.03125
0.11719 0.65625 0.02344
0.14063 0.64844 0.07813
0.17969 0.64844 0.07031
0.18750 0.64844 0.06250
0.18750 0.64844 0.05469
0.17969 0.64844 0.04688
0.17188 0.64844 0.03906
0.15625 0.64844 0.03125
0.12500 0.64844 0.02344
0.17188 0.64063 0.07031
0.18750 0.64063 0.06250
0.18750 0.64063 0.05469
0.17969 0.64063 0.04688
0.17188 0.64063 0.03906
0.14844 0.64063 0.03125
0.11719 0.64063 0.02344
0.15625 0.63281 0.07031
0.17188 0.63281 0.06250
0.17969 0.63281 0.05469
0.17188 0.63281 0.04688
0.15625 0.63281 0.03906
0.14063 0.63281 0.03125
0.14844 0.62500 0.06250
0.15625 0.62500 0.05469
0.14844 0.62500 0.04688
0.13281 0.62500 0.03906
0.12500 0.61719 0.04688
0.12500 0.60938 0.04688
0.11719 0.60156 0.04688
0.11719 0.59375 0.04688
0.11719 0.58594 0.05469
0.10938 0.58594 0.04688
0.11719 0.57813 0.05469
0.10938 0.57813 0.04688
0.11719 0.57031 0.05469
0.10156 0.57031 0.04688
0.12500 0.56250 0.05469
0.10156 0.56250 0.04688
0.12500 0.55469 0.05469
0.09375 0.55469 0.04688
0.11719 0.54688 0.05469
0.09375 0.54688 0.04688
0.11719 0.53906 0.05469
0.08594 0.53906 0.04688
0.10938 0.53125 0.05469
0.08594 0.53125 0.04688
0.10938 0.52344 0.05469
0.07813 0.52344 0.04688
0.10156 0.51563 0.05469
0.07813 0.51563 0.04688
0.10156 0.50781 0.05469
0.07031 0.50781 0.04688
0.10156 0.50000 0.05469
0.07031 0.50000 0.04688
0.09375 0.49219 0.05469
0.06250 0.49219 0.04688
0.09375 0.48438 0.05469
0.06250 0.48438 0.04688
0.08594 0.47656 0.05469
0.05469 0.47656 0.04688
0.08594 0.46875 0.05469
0.05469 0.46875 0.04688
0.07813 0.46094 0.05469
0.04688 0.46094 0.04688
0.07813 0.45313 0.05469
0.04688 0.45313 0.04688
0.07031 0.44531 0.05469
0.03906 0.44531 0.04688
0.07031 0.43750 0.05469
0.03906 0.43750 0.04688
0.07031 0.42969 0.05469
0.03906 0.42969 0.04688
0.07031 0.42188 0.05469
0.03906 0.42188 0.04688
0.03906 0.41406 0.06250
0.06250 0.41406 0.05469
0.03125 0.41406 0.04688
0.03906 0.40625 0.06250
0.06250 0.40625 0.05469
0.02344 0.40625 0.04688
0.03906 0.39844 0.06250
0.06250 0.39844 0.05469
0.02344 0.39844 0.04688
0.03125 0.39063 0.06250
0.05469 0.39063 0.05469
0.01563 0.39063 0.04688
0.03906 0.38281 0.06250
0.05469 0.38281 0.05469
0.01563 0.38281 0.04688
0.03125 0.37500 0.06250
0.04688 0.37500 0.05469
0.00781 0.37500 0.04688
0.02344 0.36719 0.06250
0.04688 0.36719 0.05469
0.00781 0.36719 0.04688
0.02344 0.35938 0.06250
0.04688 0.35938 0.05469
0.00781 0.35938 0.04688
0.02344 0.35156 0.06250
0.03906 0.35156 0.05469
0.00000 0.35156 0.04688
0.01563 0.34375 0.06250
0.03906 0.34375 0.05469
0.00000 0.34375 0.04688
0.01563 0.33594 0.06250
0.03125 0.33594 0.05469
-0.00781 0.33594 0.04688
0.00781 0.32813 0.06250
0.03125 0.32813 0.05469
-0.01563 0.32813 0.04688
0.00781 0.32031 0.06250
0.02344 0.32031 0.05469
-0.01563 0.32031 0.04688
0.00781 0.31250 0.06250
0.02344 0.31250 0.05469
-0.01563 0.31250 0.04688
0.00000 0.30469 0.06250
0.00781 0.30469 0.05469
-0.01563 0.30469 0.04688
-0.09375 0.30469 0.03906
0.00000 0.29688 0.06250
0.00781 0.29688 0.05469
-0.02344 0.29688 0.04688
-0.08594 0.29688 0.03906
0.00000 0.28906 0.06250
-0.00781 0.28906 0.05469
-0.03125 0.28906 0.04688
-0.09375 0.28906 0.03906
0.00000 0.28125 0.06250
0.00000 0.28125 0.05469
-0.03125 0.28125 0.04688
-0.09375 0.28125 0.03906
0.00000 0.27344 0.06250
0.00000 0.27344 0.05469
-0.03125 0.27344 0.04688
-0.08594 0.27344 0.03906
0.00000 0.26563 0.06250
-0.00781 0.26563 0.05469
-0.03906 0.26563 0.04688
-0.08594 0.26563 0.03906
0.00000 0.25781 0.06250
-0.00781 0.25781 0.05469
-0.03906 0.25781 0.04688
-0.08594 0.25781 0.03906
0.00000 0.25000 0.06250
-0.01563 0.25000 0.05469
-0.04688 0.25000 0.04688
-0.09375 0.25000 0.03906
0.00000 0.24219 0.06250
-0.01563 0.24219 0.05469
-0.04688 0.24219 0.04688
-0.10156 0.24219 0.03906
-0.01563 0.23438 0.10938
-0.03125 0.23438 0.10156
0.00000 0.23438 0.06250
-0.01563 0.23438 0.05469
-0.04688 0.23438 0.04688
-0.10938 0.23438 0.03906
0.00000 0.22656 0.12500
0.01563 0.22656 0.11719
0.01563 0.22656 0.10938
0.00781 0.22656 0.10156
-0.00781 0.22656 0.09375
-0.05469 0.22656 0.08594
0.00000 0.22656 0.06250
-0.01563 0.22656 0.05469
-0.05469 0.22656 0.04688
-0.11719 0.22656 0.03906
0.00000 0.21875 0.13281
0.02344 0.21875 0.12500
0.03125 0.21875 0.11719
0.03125 0.21875 0.10938
0.02344 0.21875 0.10156
0.00781 0.21875 0.09375
-0.01563 0.21875 0.08594
0.00781 0.21875 0.06250
-0.01563 0.21875 0.05469
-0.05469 0.21875 0.04688
-0.11719 0.21875 0.03906
0.01563 0.21094 0.13281
0.03125 0.21094 0.12500
0.03906 0.21094 0.11719
0.04688 0.21094 0.10938
0.03125 0.21094 0.10156
0.01563 0.21094 0.09375
-0.00781 0.21094 0.08594
-0.00781 0.21094 0.07813
-0.00781 0.21094 0.07031
0.00781 0.21094 0.06250
-0.01563 0.21094 0.05469
-0.05469 0.21094 0.04688
-0.11719 0.21094 0.03906
0.01563 0.20313 0.13281
0.03125 0.20313 0.12500
0.03125 0.20313 0.11719
0.03906 0.20313 0.10938
0.03125 0.20313 0.10156
0.01563 0.20313 0.09375
-0.00781 0.20313 0.08594
-0.01563 0.20313 0.07813
-0.00781 0.20313 0.07031
0.00781 0.20313 0.06250
-0.02344 0.20313 0.05469
-0.05469 0.20313 0.04688
-0.10938 0.20313 0.03906
-0.35156 0.20313 -0.09375
-0.39844 0.20313 -0.10156
-0.00781 0.19531 0.13281
0.02344 0.19531 0.12500
0.03125 0.19531 0.11719
0.03125 0.19531 0.10938
0.02344 0.19531 0.10156
0.00781 0.19531 0.09375
-0.01563 0.19531 0.08594
-0.03906 0.19531 0.07031
0.00000 0.19531 0.06250
-0.02344 0.19531 0.05469
-0.06250 0.19531 0.04688
-0.11719 0.19531 0.03906
0.32031 0.19531 -0.01563
0.28906 0.19531 -0.02344
-0.35938 0.19531 -0.09375
-0.39063 0.19531 -0.10156
0.00000 0.18750 0.12500
0.00781 0.18750 0.11719
0.01563 0.18750 0.10938
0.00781 0.18750 0.10156
-0.01563 0.18750 0.09375
-0.03906 0.18750 0.07031
0.00781 0.18750 0.06250
-0.02344 0.18750 0.05469
-0.06250 0.18750 0.04688
-0.11719 0.18750 0.03906
0.32031 0.18750 0.00781
0.33594 0.18750 0.00000
0.31250 0.18750 -0.00781
0.32031 0.18750 -0.01563
0.33594 0.18750 -0.02344
0.33594 0.18750 -0.03125
0.32031 0.18750 -0.03906
0.28125 0.18750 -0.04688
-0.35938 0.18750 -0.09375
-0.39063 0.18750 -0.10156
-0.03906 0.17969 0.10938
-0.03906 0.17969 0.07031
0.00000 0.17969 0.06250
-0.02344 0.17969 0.05469
-0.06250 0.17969 0.04688
-0.11719 0.17969 0.03906
0.32813 0.17969 0.01563
0.31250 0.17969 0.00781
0.31250 0.17969 0.00000
0.32813 0.17969 -0.00781
0.34375 0.17969 -0.01563
0.32813 0.17969 -0.02344
0.32031 0.17969 -0.03125
0.34375 0.17969 -0.03906
0.32813 0.17969 -0.04688
0.29688 0.17969 -0.05469
0.22656 0.17969 -0.06250
-0.36719 0.17969 -0.09375
-0.39063 0.17969 -0.10156
-0.03906 0.17188 0.07031
0.00000 0.17188 0.06250
-0.02344 0.17188 0.05469
-0.07031 0.17188 0.04688
-0.11719 0.17188 0.03906
0.32813 0.17188 0.02344
0.31250 0.17188 0.01563
0.31250 0.17188 0.00781
0.39844 0.17188 0.00000
0.40625 0.17188 -0.00781
0.39844 0.17188 -0.01563
0.37500 0.17188 -0.02344
0.35156 0.17188 -0.03125
0.32813 0.17188 -0.03906
0.34375 0.17188 -0.04688
0.32813 0.17188 -0.05469
0.28125 0.17188 -0.06250
-0.36719 0.17188 -0.09375
-0.39063 0.17188 -0.10156
-0.03125 0.16406 0.07031
0.00000 0.16406 0.06250
-0.03125 0.16406 0.05469
-0.07031 0.16406 0.04688
-0.11719 0.16406 0.03906
0.31250 0.16406 0.02344
0.31250 0.16406 0.01563
0.42969 0.16406 0.00781
0.31250 0.16406 0.00000
0.31250 0.16406 -0.00781
0.43750 0.16406 -0.01563
0.40625 0.16406 -0.02344
0.38281 0.16406 -0.03125
0.35156 0.16406 -0.03906
0.32031 0.16406 -0.04688
0.33594 0.16406 -0.05469
0.31250 0.16406 -0.06250
0.25781 0.16406 -0.07031
-0.37500 0.16406 -0.09375
-0.39063 0.16406 -0.10156
-0.03125 0.15625 0.07031
0.00000 0.15625 0.06250
-0.03125 0.15625 0.05469
-0.07031 0.15625 0.04688
-0.12500 0.15625 0.03906
0.31250 0.15625 0.03125
0.31250 0.15625 0.02344
0.39844 0.15625 0.01563
0.31250 0.15625 0.00781
0.31250 0.15625 0.00000
0.31250 0.15625 -0.00781
0.32031 0.15625 -0.01563
0.41406 0.15625 -0.02344
0.39844 0.15625 -0.03125
0.36719 0.15625 -0.03906
0.32813 0.15625 -0.04688
0.35156 0.15625 -0.05469
0.32813 0.15625 -0.06250
0.27344 0.15625 -0.07031
-0.39063 0.15625 -0.09375
-0.39063 0.15625 -0.10156
-0.03125 0.14844 0.07031
0.00000 0.14844 0.06250
-0.03125 0.14844 0.05469
-0.06250 0.14844 0.04688
-0.11719 0.14844 0.03906
0.32031 0.14844 0.03125
0.31250 0.14844 0.02344
0.31250 0.14844 0.01563
0.31250 0.14844 0.00781
0.31250 0.14844 0.00000
0.31250 0.14844 -0.00781
0.32031 0.14844 -0.01563
0.42969 0.14844 -0.02344
0.39844 0.14844 -0.03125
0.37500 0.14844 -0.03906
0.33594 0.14844 -0.04688
0.32031 0.14844 -0.05469
0.32813 0.14844 -0.06250
0.28125 0.14844 -0.07031
-0.39063 0.14844 -0.09375
-0.39063 0.14844 -0.10156
0.78125 0.14844 -0.15625
-0.03125 0.14063 0.07031
0.00000 0.14063 0.06250
-0.03125 0.14063 0.05469
-0.07813 0.14063 0.04688
-0.12500 0.14063 0.03906
0.31250 0.14063 0.03125
0.31250 0.14063 0.02344
0.39844 0.14063 0.01563
0.31250 0.14063 0.00781
0.30469 0.14063 0.00000
0.30469 0.14063 -0.00781
0.32031 0.14063 -0.01563
0.42188 0.14063 -0.02344
0.39844 0.14063 -0.03125
0.36719 0.14063 -0.03906
0.32031 0.14063 -0.04688
0.34375 0.14063 -0.05469
0.32031 0.14063 -0.06250
0.27344 0.14063 -0.07031
-0.39844 0.14063 -0.10156
0.78125 0.14063 -0.15625
-0.03125 0.13281 0.07031
-0.00781 0.13281 0.06250
-0.03125 0.13281 0.05469
-0.07813 0.13281 0.04688
-0.13281 0.13281 0.03906
0.32031 0.13281 0.02344
0.32031 0.13281 0.01563
0.42969 0.13281 0.00781
0.31250 0.13281 0.00000
0.30469 0.13281 -0.00781
0.42969 0.13281 -0.01563
0.40625 0.13281 -0.02344
0.38281 0.13281 -0.03125
0.35156 0.13281 -0.03906
0.32031 0.13281 -0.04688
0.33594 0.13281 -0.05469
0.30469 0.13281 -0.06250
0.25781 0.13281 -0.07031
-0.39844 0.13281 -0.10156
0.78125 0.13281 -0.15625
-0.03125 0.12500 0.07031
-0.00781 0.12500 0.06250
-0.03906 0.12500 0.05469
-0.08594 0.12500 0.04688
-0.13281 0.12500 0.03906
0.32031 0.12500 0.02344
0.31250 0.12500 0.01563
0.31250 0.12500 0.00781
0.39063 0.12500 0.00000
0.39063 0.12500 -0.00781
0.39063 0.12500 -0.01563
0.37500 0.12500 -0.02344
0.34375 0.12500 -0.03125
0.32813 0.12500 -0.03906
0.34375 0.12500 -0.04688
0.32813 0.12500 -0.05469
0.28125 0.12500 -0.06250
-0.39844 0.12500 -0.10156
0.78125 0.12500 -0.15625
-0.03125 0.11719 0.07031
-0.00781 0.11719 0.06250
-0.03906 0.11719 0.05469
-0.08594 0.11719 0.04688
-0.13281 0.11719 0.03906
0.32813 0.11719 0.01563
0.31250 0.11719 0.00781
0.42969 0.11719 0.00000
0.32813 0.11719 -0.00781
0.33594 0.11719 -0.01563
0.32813 0.11719 -0.02344
0.32031 0.11719 -0.03125
0.34375 0.11719 -0.03906
0.32813 0.11719 -0.04688
0.29688 0.11719 -0.05469
0.22656 0.11719 -0.06250
-0.39844 0.11719 -0.10156
0.77344 0.11719 -0.15625
-0.06250 0.10938 0.11719
-0.03125 0.10938 0.07031
-0.00781 0.10938 0.06250
-0.03906 0.10938 0.05469
-0.08594 0.10938 0.04688
-0.14063 0.10938 0.03906
0.39844 0.10938 0.00781
0.42969 0.10938 0.00000
0.40625 0.10938 -0.00781
0.32031 0.10938 -0.01563
0.34375 0.10938 -0.02344
0.33594 0.10938 -0.03125
0.31250 0.10938 -0.03906
0.28125 0.10938 -0.04688
-0.39844 0.10938 -0.10156
-0.46094 0.10938 -0.10938
0.77344 0.10938 -0.15625
-0.06250 0.10156 0.14844
-0.05469 0.10156 0.14063
-0.05469 0.10156 0.13281
-0.05469 0.10156 0.12500
-0.05469 0.10156 0.11719
-0.07031 0.10156 0.10938
-0.03125 0.10156 0.07031
-0.00781 0.10156 0.06250
-0.03906 0.10156 0.05469
-0.09375 0.10156 0.04688
-0.14063 0.10156 0.03906
0.42188 0.10156 0.00781
0.41406 0.10156 0.00000
0.38281 0.10156 -0.00781
0.33594 0.10156 -0.01563
0.28906 0.10156 -0.02344
-0.39844 0.10156 -0.10156
-0.46094 0.10156 -0.10938
0.78125 0.10156 -0.15625
0.71094 0.10156 -0.16406
-0.06250 0.09375 0.14844
-0.06250 0.09375 0.14063
-0.05469 0.09375 0.13281
-0.05469 0.09375 0.12500
-0.06250 0.09375 0.11719
-0.07813 0.09375 0.10938
-0.06250 0.09375 0.08594
-0.05469 0.09375 0.07813
-0.02344 0.09375 0.07031
-0.00781 0.09375 0.06250
-0.04688 0.09375 0.05469
-0.09375 0.09375 0.04688
-0.14063 0.09375 0.03906
0.44531 0.09375 0.00781
0.40625 0.09375 0.00000
0.36719 0.09375 -0.00781
0.30469 0.09375 -0.01563
-0.39844 0.09375 -0.10156
-0.45313 0.09375 -0.10938
0.77344 0.09375 -0.15625
0.71875 0.09375 -0.16406
-0.07813 0.08594 0.13281
-0.07813 0.08594 0.12500
-0.07813 0.08594 0.11719
-0.07813 0.08594 0.10938
-0.07031 0.08594 0.10156
-0.07031 0.08594 0.09375
-0.07031 0.08594 0.08594
-0.07031 0.08594 0.07813
-0.02344 0.08594 0.07031
-0.01563 0.08594 0.06250
-0.04688 0.08594 0.05469
-0.09375 0.08594 0.04688
-0.14844 0.08594 0.03906
0.42188 0.08594 0.01563
0.43750 0.08594 0.00781
0.39844 0.08594 0.00000
0.35156 0.08594 -0.00781
0.28125 0.08594 -0.01563
-0.18750 0.08594 -0.02344
-0.25781 0.08594 -0.03125
-0.32813 0.08594 -0.03906
-0.39844 0.08594 -0.04688
-0.46875 0.08594 -0.05469
-0.54688 0.08594 -0.06250
-0.39844 0.08594 -0.10156
-0.45313 0.08594 -0.10938
0.77344 0.08594 -0.15625
0.71875 0.08594 -0.16406
-0.06250 0.07813 0.14844
-0.06250 0.07813 0.14063
-0.05469 0.07813 0.13281
-0.05469 0.07813 0.12500
-0.06250 0.07813 0.11719
-0.07031 0.07813 0.10938
-0.02344 0.07813 0.07031
-0.01563 0.07813 0.06250
0.20313 0.07813 0.05469
0.22656 0.07813 0.04688
0.25781 0.07813 0.03906
0.28125 0.07813 0.03125
0.27344 0.07813 0.02344
0.44531 0.07813 0.01563
0.42188 0.07813 0.00781
0.38281 0.07813 0.00000
0.32813 0.07813 -0.00781
0.25000 0.07813 -0.01563
0.12500 0.07813 -0.02344
0.05469 0.07813 -0.03125
-0.02344 0.07813 -0.03906
-0.10938 0.07813 -0.04688
-0.17969 0.07813 -0.05469
-0.25000 0.07813 -0.06250
-0.32031 0.07813 -0.07031
-0.39063 0.07813 -0.07813
-0.46094 0.07813 -0.08594
-0.53125 0.07813 -0.09375
-0.40625 0.07813 -0.10156
-0.44531 0.07813 -0.10938
0.76563 0.07813 -0.15625
0.72656 0.07813 -0.16406
-0.06250 0.07031 0.14844
-0.05469 0.07031 0.14063
-0.05469 0.07031 0.13281
-0.04688 0.07031 0.12500
-0.06250 0.07031 0.11719
-0.07031 0.07031 0.10938
-0.02344 0.07031 0.07031
0.27344 0.07031 0.06250
0.31250 0.07031 0.05469
0.32813 0.07031 0.04688
0.35156 0.07031 0.03906
0.35156 0.07031 0.03125
0.34375 0.07031 0.02344
0.44531 0.07031 0.01563
0.40625 0.07031 0.00781
0.36719 0.07031 0.00000
0.30469 0.07031 -0.00781
0.25000 0.07031 -0.01563
0.21875 0.07031 -0.02344
0.16406 0.07031 -0.03125
0.09375 0.07031 -0.03906
0.01563 0.07031 -0.04688
-0.05469 0.07031 -0.05469
-0.13281 0.07031 -0.06250
-0.21094 0.07031 -0.07031
-0.27344 0.07031 -0.07813
-0.34375 0.07031 -0.08594
-0.41406 0.07031 -0.09375
-0.40625 0.07031 -0.10156
-0.44531 0.07031 -0.10938
0.76563 0.07031 -0.15625
0.72656 0.07031 -0.16406
0.19531 0.06250 0.07813
0.32031 0.06250 0.07031
0.37500 0.06250 0.06250
0.39063 0.06250 0.05469
0.40625 0.06250 0.04688
0.41406 0.06250 0.03906
0.41406 0.06250 0.03125
0.40625 0.06250 0.02344
0.43750 0.06250 0.01563
0.39844 0.06250 0.00781
0.35938 0.06250 0.00000
0.32813 0.06250 -0.00781
0.30469 0.06250 -0.01563
0.26563 0.06250 -0.02344
0.22656 0.06250 -0.03125
0.17969 0.06250 -0.03906
0.13281 0.06250 -0.04688
0.06250 0.06250 -0.05469
-0.01563 0.06250 -0.06250
-0.08594 0.06250 -0.07031
-0.16406 0.06250 -0.07813
-0.23438 0.06250 -0.08594
-0.30469 0.06250 -0.09375
-0.37500 0.06250 -0.10156
-0.44531 0.06250 -0.10938
-0.51563 0.06250 -0.11719
0.76563 0.06250 -0.15625
0.72656 0.06250 -0.16406
0.25781 0.05469 0.08594
0.35938 0.05469 0.07813
0.40625 0.05469 0.07031
0.43750 0.05469 0.06250
0.44531 0.05469 0.05469
0.46094 0.05469 0.04688
0.46875 0.05469 0.03906
0.46094 0.05469 0.03125
0.45313 0.05469 0.02344
0.43750 0.05469 0.01563
0.43750 0.05469 0.00781
0.40625 0.05469 0.00000
0.37500 0.05469 -0.00781
0.35156 0.05469 -0.01563
0.32031 0.05469 -0.02344
0.28906 0.05469 -0.03125
0.24219 0.05469 -0.03906
0.17969 0.05469 -0.04688
0.12500 0.05469 -0.05469
0.05469 0.05469 -0.06250
-0.02344 0.05469 -0.07031
-0.09375 0.05469 -0.07813
-0.17188 0.05469 -0.08594
-0.24219 0.05469 -0.09375
-0.31250 0.05469 -0.10156
-0.38281 0.05469 -0.10938
-0.44531 0.05469 -0.11719
-0.51563 0.05469 -0.12500
0.75781 0.05469 -0.15625
0.72656 0.05469 -0.16406
0.38281 0.04688 0.08594
0.42188 0.04688 0.07813
0.46094 0.04688 0.07031
0.48438 0.04688 0.06250
0.49219 0.04688 0.05469
0.50000 0.04688 0.04688
0.50781 0.04688 0.03906
0.50000 0.04688 0.03125
0.49219 0.04688 0.02344
0.49219 0.04688 0.01563
0.46875 0.04688 0.00781
0.44531 0.04688 0.00000
0.42188 0.04688 -0.00781
0.39063 0.04688 -0.01563
0.35938 0.04688 -0.02344
0.32031 0.04688 -0.03125
0.27344 0.04688 -0.03906
0.21094 0.04688 -0.04688
0.16406 0.04688 -0.05469
0.10156 0.04688 -0.06250
0.03125 0.04688 -0.07031
-0.04688 0.04688 -0.07813
-0.11719 0.04688 -0.08594
-0.19531 0.04688 -0.09375
-0.26563 0.04688 -0.10156
-0.32813 0.04688 -0.10938
-0.39844 0.04688 -0.11719
-0.46875 0.04688 -0.12500
-0.54688 0.04688 -0.13281
0.75781 0.04688 -0.15625
0.73438 0.04688 -0.16406
0.36719 0.03906 0.09375
0.43750 0.03906 0.08594
0.47656 0.03906 0.07813
0.50000 0.03906 0.07031
0.52344 0.03906 0.06250
0.53125 0.03906 0.05469
0.53906 0.03906 0.04688
0.53906 0.03906 0.03906
0.53906 0.03906 0.03125
0.53125 0.03906 0.02344
0.52344 0.03906 0.01563
0.50781 0.03906 0.00781
0.48438 0.03906 0.00000
0.46094 0.03906 -0.00781
0.42969 0.03906 -0.01563
0.39063 0.03906 -0.02344
0.34375 0.03906 -0.03125
0.30469 0.03906 -0.03906
0.25000 0.03906 -0.04688
0.19531 0.03906 -0.05469
0.14063 0.03906 -0.06250
0.07813 0.03906 -0.07031
0.00781 0.03906 -0.07813
-0.07031 0.03906 -0.08594
-0.14063 0.03906 -0.09375
-0.21094 0.03906 -0.10156
-0.28125 0.03906 -0.10938
-0.35156 0.03906 -0.11719
-0.42969 0.03906 -0.12500
-0.48438 0.03906 -0.13281
0.75781 0.03906 -0.15625
0.72656 0.03906 -0.16406
0.27344 0.03125 0.10156
0.42188 0.03125 0.09375
0.47656 0.03125 0.08594
0.51563 0.03125 0.07813
0.53906 0.03125 0.07031
0.55469 0.03125 0.06250
0.57031 0.03125 0.05469
0.57031 0.03125 0.04688
0.57813 0.03125 0.03906
0.57031 0.03125 0.03125
0.57031 0.03125 0.02344
0.55469 0.03125 0.01563
0.53906 0.03125 0.00781
0.51563 0.03125 0.00000
0.48438 0.03125 -0.00781
0.45313 0.03125 -0.01563
0.42188 0.03125 -0.02344
0.37500 0.03125 -0.03125
0.33594 0.03125 -0.03906
0.28906 0.03125 -0.04688
0.23438 0.03125 -0.05469
0.17969 0.03125 -0.06250
0.12500 0.03125 -0.07031
0.05469 0.03125 -0.07813
-0.01563 0.03125 -0.08594
-0.08594 0.03125 -0.09375
-0.16406 0.03125 -0.10156
-0.23438 0.03125 -0.10938
-0.30469 0.03125 -0.11719
-0.36719 0.03125 -0.12500
-0.43750 0.03125 -0.13281
-0.50781 0.03125 -0.14063
0.75781 0.03125 -0.15625
0.72656 0.03125 -0.16406
0.40625 0.02344 0.10156
0.46094 0.02344 0.09375
0.50781 0.02344 0.08594
0.54688 0.02344 0.07813
0.57031 0.02344 0.07031
0.58594 0.02344 0.06250
0.60156 0.02344 0.05469
0.60156 0.02344 0.04688
0.60938 0.02344 0.03906
0.59375 0.02344 0.03125
0.60156 0.02344 0.02344
0.57813 0.02344 0.01563
0.57031 0.02344 0.00781
0.53906 0.02344 0.00000
0.50781 0.02344 -0.00781
0.47656 0.02344 -0.01563
0.44531 0.02344 -0.02344
0.40625 0.02344 -0.03125
0.35938 0.02344 -0.03906
0.31250 0.02344 -0.04688
0.25781 0.02344 -0.05469
0.19531 0.02344 -0.06250
0.14063 0.02344 -0.07031
0.07031 0.02344 -0.07813
0.00000 0.02344 -0.08594
-0.07031 0.02344 -0.09375
-0.14063 0.02344 -0.10156
-0.21875 0.02344 -0.10938
-0.27344 0.02344 -0.11719
-0.35156 0.02344 -0.12500
-0.42188 0.02344 -0.13281
-0.49219 0.02344 -0.14063
0.75000 0.02344 -0.15625
0.72656 0.02344 -0.16406
0.42969 0.01563 0.10156
0.49219 0.01563 0.09375
0.53906 0.01563 0.08594
0.57031 0.01563 0.07813
0.59375 0.01563 0.07031
0.60938 0.01563 0.06250
0.63281 0.01563 0.05469
0.62500 0.01563 0.04688
0.63281 0.01563 0.03906
0.63281 0.01563 0.03125
0.64063 0.01563 0.02344
0.61719 0.01563 0.01563
0.59375 0.01563 0.00781
0.56250 0.01563 0.00000
0.53906 0.01563 -0.00781
0.50000 0.01563 -0.01563
0.46094 0.01563 -0.02344
0.42188 0.01563 -0.03125
0.37500 0.01563 -0.03906
0.32813 0.01563 -0.04688
0.27344 0.01563 -0.05469
0.20313 0.01563 -0.06250
0.14844 0.01563 -0.07031
0.08594 0.01563 -0.07813
0.01563 0.01563 -0.08594
-0.05469 0.01563 -0.09375
-0.12500 0.01563 -0.10156
-0.20313 0.01563 -0.10938
-0.26563 0.01563 -0.11719
-0.34375 0.01563 -0.12500
-0.40625 0.01563 -0.13281
-0.47656 0.01563 -0.14063
-0.56250 0.01563 -0.14844
0.75000 0.01563 -0.15625
0.72656 0.01563 -0.16406
0.44531 0.00781 0.10156
0.50781 0.00781 0.09375
0.56250 0.00781 0.08594
0.59375 0.00781 0.07813
0.60938 0.00781 0.07031
0.62500 0.00781 0.06250
0.63281 0.00781 0.05469
0.63281 0.00781 0.04688
0.64063 0.00781 0.03906
0.64844 0.00781 0.03125
0.65625 0.00781 0.02344
0.65625 0.00781 0.01563
0.62500 0.00781 0.00781
0.59375 0.00781 0.00000
0.57031 0.00781 -0.00781
0.57813 0.00781 -0.01563
0.58594 0.00781 -0.02344
0.59375 0.00781 -0.03125
0.60156 0.00781 -0.03906
0.60938 0.00781 -0.04688
0.62500 0.00781 -0.05469
0.62500 0.00781 -0.06250
0.63281 0.00781 -0.07031
0.64063 0.00781 -0.07813
0.65625 0.00781 -0.08594
0.65625 0.00781 -0.09375
0.66406 0.00781 -0.10156
0.67188 0.00781 -0.10938
0.67969 0.00781 -0.11719
0.68750 0.00781 -0.12500
0.69531 0.00781 -0.13281
0.70313 0.00781 -0.14063
0.71094 0.00781 -0.14844
0.74219 0.00781 -0.15625
0.72656 0.00781 -0.16406
0.37500 0.00000 0.10938
0.46094 0.00000 0.10156
0.52344 0.00000 0.09375
0.56250 0.00000 0.08594
0.60156 0.00000 0.07813
0.61719 0.00000 0.07031
0.62500 0.00000 0.06250
0.63281 0.00000 0.05469
0.64063 0.00000 0.04688
0.64063 0.00000 0.03906
0.64844 0.00000 0.03125
0.65625 0.00000 0.02344
0.65625 0.00000 0.01563
0.64063 0.00000 0.00781
0.61719 0.00000 0.00000
0.60938 0.00000 -0.00781
0.61719 0.00000 -0.01563
0.60938 0.00000 -0.02344
0.63281 0.00000 -0.03125
0.63281 0.00000 -0.03906
0.64063 0.00000 -0.04688
0.64844 0.00000 -0.05469
0.65625 0.00000 -0.06250
0.66406 0.00000 -0.07031
0.67188 0.00000 -0.07813
0.68750 0.00000 -0.08594
0.68750 0.00000 -0.09375
0.69531 0.00000 -0.10156
0.69531 0.00000 -0.10938
0.70313 0.00000 -0.11719
0.71094 0.00000 -0.12500
0.71875 0.00000 -0.13281
0.77344 0.00000 -0.14063
0.78125 0.00000 -0.14844
0.76563 0.00000 -0.15625
0.77344 0.00000 -0.16406
0.76563 0.00000 -0.17188
0.74219 0.00000 -0.17969
0.38281 -0.00781 0.10938
0.46094 -0.00781 0.10156
0.52344 -0.00781 0.09375
0.57031 -0.00781 0.08594
0.60156 -0.00781 0.07813
0.61719 -0.00781 0.07031
0.62500 -0.00781 0.06250
0.63281 -0.00781 0.05469
0.64063 -0.00781 0.04688
0.64063 -0.00781 0.03906
0.64844 -0.00781 0.03125
0.65625 -0.00781 0.02344
0.65625 -0.00781 0.01563
0.64063 -0.00781 0.00781
0.60938 -0.00781 0.00000
0.61719 -0.00781 -0.00781
0.62500 -0.00781 -0.01563
0.63281 -0.00781 -0.02344
0.64063 -0.00781 -0.03125
0.64063 -0.00781 -0.03906
0.64844 -0.00781 -0.04688
0.65625 -0.00781 -0.05469
0.66406 -0.00781 -0.06250
0.66406 -0.00781 -0.07031
0.67969 -0.00781 -0.07813
0.68750 -0.00781 -0.08594
0.68750 -0.00781 -0.09375
0.69531 -0.00781 -0.10156
0.70313 -0.00781 -0.10938
0.71094 -0.00781 -0.11719
0.71875 -0.00781 -0.12500
0.72656 -0.00781 -0.13281
0.77344 -0.00781 -0.14063
0.78906 -0.00781 -0.14844
0.78906 -0.00781 -0.15625
0.78125 -0.00781 -0.16406
0.77344 -0.00781 -0.17188
0.74219 -0.00781 -0.17969
0.67188 -0.00781 -0.18750
0.34375 -0.01563 0.10938
0.44531 -0.01563 0.10156
0.50781 -0.01563 0.09375
0.56250 -0.01563 0.08594
0.60156 -0.01563 0.07813
0.61719 -0.01563 0.07031
0.62500 -0.01563 0.06250
0.63281 -0.01563 0.05469
0.63281 -0.01563 0.04688
0.64063 -0.01563 0.03906
0.64844 -0.01563 0.03125
0.65625 -0.01563 0.02344
0.65625 -0.01563 0.01563
0.63281 -0.01563 0.00781
0.60156 -0.01563 0.00000
0.57813 -0.01563 -0.00781
0.58594 -0.01563 -0.01563
0.58594 -0.01563 -0.02344
0.59375 -0.01563 -0.03125
0.60156 -0.01563 -0.03906
0.60938 -0.01563 -0.04688
0.61719 -0.01563 -0.05469
0.62500 -0.01563 -0.06250
0.63281 -0.01563 -0.07031
0.64063 -0.01563 -0.07813
0.64844 -0.01563 -0.08594
0.65625 -0.01563 -0.09375
0.66406 -0.01563 -0.10156
0.67188 -0.01563 -0.10938
0.67969 -0.01563 -0.11719
0.68750 -0.01563 -0.12500
0.69531 -0.01563 -0.13281
0.70313 -0.01563 -0.14063
0.71094 -0.01563 -0.14844
0.75000 -0.01563 -0.15625
0.73438 -0.01563 -0.16406
0.69531 -0.01563 -0.17188
0.42969 -0.02344 0.10156
0.49219 -0.02344 0.09375
0.53906 -0.02344 0.08594
0.57813 -0.02344 0.07813
0.60156 -0.02344 0.07031
0.61719 -0.02344 0.06250
0.62500 -0.02344 0.05469
0.63281 -0.02344 0.04688
0.63281 -0.02344 0.03906
0.64063 -0.02344 0.03125
0.63281 -0.02344 0.02344
0.62500 -0.02344 0.01563
0.60156 -0.02344 0.00781
0.57031 -0.02344 0.00000
0.53906 -0.02344 -0.00781
0.50781 -0.02344 -0.01563
0.46094 -0.02344 -0.02344
0.42188 -0.02344 -0.03125
0.37500 -0.02344 -0.03906
0.32813 -0.02344 -0.04688
0.27344 -0.02344 -0.05469
0.20313 -0.02344 -0.06250
0.14844 -0.02344 -0.07031
0.08594 -0.02344 -0.07813
0.01563 -0.02344 -0.08594
-0.05469 -0.02344 -0.09375
-0.12500 -0.02344 -0.10156
-0.19531 -0.02344 -0.10938
-0.26563 -0.02344 -0.11719
-0.33594 -0.02344 -0.12500
-0.40625 -0.02344 -0.13281
-0.46875 -0.02344 -0.14063
-0.55469 -0.02344 -0.14844
0.75000 -0.02344 -0.15625
0.72656 -0.02344 -0.16406
0.41406 -0.03125 0.10156
0.46875 -0.03125 0.09375
0.50781 -0.03125 0.08594
0.54688 -0.03125 0.07813
0.57031 -0.03125 0.07031
0.58594 -0.03125 0.06250
0.60156 -0.03125 0.05469
0.60938 -0.03125 0.04688
0.60938 -0.03125 0.03906
0.60938 -0.03125 0.03125
0.60156 -0.03125 0.02344
0.58594 -0.03125 0.01563
0.57031 -0.03125 0.00781
0.54688 -0.03125 0.00000
0.51563 -0.03125 -0.00781
0.48438 -0.03125 -0.01563
0.44531 -0.03125 -0.02344
0.41406 -0.03125 -0.03125
0.36719 -0.03125 -0.03906
0.32031 -0.03125 -0.04688
0.25781 -0.03125 -0.05469
0.19531 -0.03125 -0.06250
0.14063 -0.03125 -0.07031
0.07813 -0.03125 -0.07813
0.00000 -0.03125 -0.08594
-0.07031 -0.03125 -0.09375
-0.14063 -0.03125 -0.10156
-0.21094 -0.03125 -0.10938
-0.28125 -0.03125 -0.11719
-0.35156 -0.03125 -0.12500
-0.41406 -0.03125 -0.13281
-0.48438 -0.03125 -0.14063
0.75000 -0.03125 -0.15625
0.72656 -0.03125 -0.16406
0.35156 -0.03906 0.10156
0.43750 -0.03906 0.09375
0.47656 -0.03906 0.08594
0.51563 -0.03906 0.07813
0.53906 -0.03906 0.07031
0.56250 -0.03906 0.06250
0.57031 -0.03906 0.05469
0.57813 -0.03906 0.04688
0.57813 -0.03906 0.03906
0.57813 -0.03906 0.03125
0.57031 -0.03906 0.02344
0.55469 -0.03906 0.01563
0.53906 -0.03906 0.00781
0.52344 -0.03906 0.00000
0.49219 -0.03906 -0.00781
0.46094 -0.03906 -0.01563
0.41406 -0.03906 -0.02344
0.38281 -0.03906 -0.03125
0.34375 -0.03906 -0.03906
0.29688 -0.03906 -0.04688
0.24219 -0.03906 -0.05469
0.17969 -0.03906 -0.06250
0.12500 -0.03906 -0.07031
0.07031 -0.03906 -0.07813
-0.01563 -0.03906 -0.08594
-0.08594 -0.03906 -0.09375
-0.15625 -0.03906 -0.10156
-0.22656 -0.03906 -0.10938
-0.29688 -0.03906 -0.11719
-0.36719 -0.03906 -0.12500
-0.42969 -0.03906 -0.13281
-0.50000 -0.03906 -0.14063
0.75781 -0.03906 -0.15625
0.72656 -0.03906 -0.16406
0.37500 -0.04688 0.09375
0.44531 -0.04688 0.08594
0.47656 -0.04688 0.07813
0.50000 -0.04688 0.07031
0.52344 -0.04688 0.06250
0.53906 -0.04688 0.05469
0.53906 -0.04688 0.04688
0.54688 -0.04688 0.03906
0.53906 -0.04688 0.03125
0.53906 -0.04688 0.02344
0.52344 -0.04688 0.01563
0.50781 -0.04688 0.00781
0.48438 -0.04688 0.00000
0.46875 -0.04688 -0.00781
0.42969 -0.04688 -0.01563
0.39063 -0.04688 -0.02344
0.35156 -0.04688 -0.03125
0.31250 -0.04688 -0.03906
0.25000 -0.04688 -0.04688
0.20313 -0.04688 -0.05469
0.15625 -0.04688 -0.06250
0.09375 -0.04688 -0.07031
0.00781 -0.04688 -0.07813
-0.06250 -0.04688 -0.08594
-0.13281 -0.04688 -0.09375
-0.20313 -0.04688 -0.10156
-0.27344 -0.04688 -0.10938
-0.33594 -0.04688 -0.11719
-0.40625 -0.04688 -0.12500
-0.47656 -0.04688 -0.13281
-0.56250 -0.04688 -0.14063
0.75781 -0.04688 -0.15625
0.72656 -0.04688 -0.16406
0.39844 -0.05469 0.08594
0.42969 -0.05469 0.07813
0.46094 -0.05469 0.07031
0.50000 -0.05469 0.06250
0.50000 -0.05469 0.05469
0.50781 -0.05469 0.04688
0.50781 -0.05469 0.03906
0.50781 -0.05469 0.03125
0.50781 -0.05469 0.02344
0.49219 -0.05469 0.01563
0.47656 -0.05469 0.00781
0.44531 -0.05469 0.00000
0.42969 -0.05469 -0.00781
0.40625 -0.05469 -0.01563
0.36719 -0.05469 -0.02344
0.32031 -0.05469 -0.03125
0.28125 -0.05469 -0.03906
0.22656 -0.05469 -0.04688
0.16406 -0.05469 -0.05469
0.10938 -0.05469 -0.06250
0.03906 -0.05469 -0.07031
-0.03906 -0.05469 -0.07813
-0.10938 -0.05469 -0.08594
-0.17969 -0.05469 -0.09375
-0.25000 -0.05469 -0.10156
-0.32031 -0.05469 -0.10938
-0.39063 -0.05469 -0.11719
-0.45313 -0.05469 -0.12500
-0.52344 -0.05469 -0.13281
0.75781 -0.05469 -0.15625
0.72656 -0.05469 -0.16406
0.28906 -0.06250 0.08594
0.36719 -0.06250 0.07813
0.41406 -0.06250 0.07031
0.43750 -0.06250 0.06250
0.46094 -0.06250 0.05469
0.46875 -0.06250 0.04688
0.47656 -0.06250 0.03906
0.46875 -0.06250 0.03125
0.46094 -0.06250 0.02344
0.45313 -0.06250 0.01563
0.43750 -0.06250 0.00781
0.41406 -0.06250 0.00000
0.38281 -0.06250 -0.00781
0.35156 -0.06250 -0.01563
0.32813 -0.06250 -0.02344
0.29688 -0.06250 -0.03125
0.24219 -0.06250 -0.03906
0.18750 -0.06250 -0.04688
0.11719 -0.06250 -0.05469
0.05469 -0.06250 -0.06250
-0.01563 -0.06250 -0.07031
-0.08594 -0.06250 -0.07813
-0.16406 -0.06250 -0.08594
-0.23438 -0.06250 -0.09375
-0.29688 -0.06250 -0.10156
-0.36719 -0.06250 -0.10938
-0.43750 -0.06250 -0.11719
-0.50781 -0.06250 -0.12500
0.75781 -0.06250 -0.15625
0.72656 -0.06250 -0.16406
-0.07031 -0.07031 0.14844
-0.06250 -0.07031 0.14063
-0.06250 -0.07031 0.13281
-0.06250 -0.07031 0.12500
-0.06250 -0.07031 0.11719
0.23438 -0.07031 0.07813
0.33594 -0.07031 0.07031
0.37500 -0.07031 0.06250
0.39844 -0.07031 0.05469
0.41406 -0.07031 0.04688
0.42188 -0.07031 0.03906
0.42188 -0.07031 0.03125
0.41406 -0.07031 0.02344
0.44531 -0.07031 0.01563
0.39844 -0.07031 0.00781
0.36719 -0.07031 0.00000
0.33594 -0.07031 -0.00781
0.31250 -0.07031 -0.01563
0.28125 -0.07031 -0.02344
0.24219 -0.07031 -0.03125
0.19531 -0.07031 -0.03906
0.14063 -0.07031 -0.04688
0.07813 -0.07031 -0.05469
0.00781 -0.07031 -0.06250
-0.06250 -0.07031 -0.07031
-0.13281 -0.07031 -0.07813
-0.21094 -0.07031 -0.08594
-0.28125 -0.07031 -0.09375
-0.35156 -0.07031 -0.10156
-0.41406 -0.07031 -0.10938
-0.48438 -0.07031 -0.11719
-0.56250 -0.07031 -0.12500
0.76563 -0.07031 -0.15625
0.72656 -0.07031 -0.16406
-0.06250 -0.07813 0.14844
-0.05469 -0.07813 0.14063
-0.05469 -0.07813 0.13281
-0.05469 -0.07813 0.12500
-0.06250 -0.07813 0.11719
-0.07031 -0.07813 0.10938
-0.02344 -0.07813 0.07031
0.29688 -0.07813 0.06250
0.32813 -0.07813 0.05469
0.34375 -0.07813 0.04688
0.35938 -0.07813 0.03906
0.36719 -0.07813 0.03125
0.35156 -0.07813 0.02344
0.44531 -0.07813 0.01563
0.40625 -0.07813 0.00781
0.36719 -0.07813 0.00000
0.30469 -0.07813 -0.00781
0.25781 -0.07813 -0.01563
0.22656 -0.07813 -0.02344
0.16406 -0.07813 -0.03125
0.10938 -0.07813 -0.03906
0.03906 -0.07813 -0.04688
-0.03906 -0.07813 -0.05469
-0.10938 -0.07813 -0.06250
-0.17969 -0.07813 -0.07031
-0.25000 -0.07813 -0.07813
-0.32031 -0.07813 -0.08594
-0.39063 -0.07813 -0.09375
-0.39844 -0.07813 -0.10156
-0.42188 -0.07813 -0.10938
0.76563 -0.07813 -0.15625
0.72656 -0.07813 -0.16406
-0.07031 -0.08594 0.14844
-0.06250 -0.08594 0.14063
-0.05469 -0.08594 0.13281
-0.05469 -0.08594 0.12500
-0.06250 -0.08594 0.11719
-0.07813 -0.08594 0.10938
-0.02344 -0.08594 0.07031
-0.01563 -0.08594 0.06250
0.21875 -0.08594 0.05469
0.25000 -0.08594 0.04688
0.27344 -0.08594 0.03906
0.29688 -0.08594 0.03125
0.28906 -0.08594 0.02344
0.44531 -0.08594 0.01563
0.42188 -0.08594 0.00781
0.38281 -0.08594 0.00000
0.32813 -0.08594 -0.00781
0.25000 -0.08594 -0.01563
0.14063 -0.08594 -0.02344
0.07813 -0.08594 -0.03125
0.00000 -0.08594 -0.03906
-0.07813 -0.08594 -0.04688
-0.15625 -0.08594 -0.05469
-0.22656 -0.08594 -0.06250
-0.29688 -0.08594 -0.07031
-0.35938 -0.08594 -0.07813
-0.42969 -0.08594 -0.08594
-0.50000 -0.08594 -0.09375
-0.39063 -0.08594 -0.10156
-0.42188 -0.08594 -0.10938
0.76563 -0.08594 -0.15625
0.72656 -0.08594 -0.16406
-0.07813 -0.09375 0.13281
-0.07813 -0.09375 0.12500
-0.07813 -0.09375 0.11719
-0.07031 -0.09375 0.10938
-0.07031 -0.09375 0.10156
-0.07031 -0.09375 0.09375
-0.07031 -0.09375 0.08594
-0.07031 -0.09375 0.07813
-0.02344 -0.09375 0.07031
-0.01563 -0.09375 0.06250
-0.04688 -0.09375 0.05469
-0.09375 -0.09375 0.04688
-0.14844 -0.09375 0.03906
0.20313 -0.09375 0.02344
0.42188 -0.09375 0.01563
0.43750 -0.09375 0.00781
0.39844 -0.09375 0.00000
0.35156 -0.09375 -0.00781
0.28125 -0.09375 -0.01563
-0.10156 -0.09375 -0.02344
-0.17188 -0.09375 -0.03125
-0.24219 -0.09375 -0.03906
-0.30469 -0.09375 -0.04688
-0.37500 -0.09375 -0.05469
-0.43750 -0.09375 -0.06250
-0.50781 -0.09375 -0.07031
-0.39063 -0.09375 -0.10156
-0.41406 -0.09375 -0.10938
0.77344 -0.09375 -0.15625
0.71875 -0.09375 -0.16406
-0.06250 -0.10156 0.14844
-0.05469 -0.10156 0.14063
-0.05469 -0.10156 0.13281
-0.05469 -0.10156 0.12500
-0.06250 -0.10156 0.11719
-0.07031 -0.10156 0.10938
-0.06250 -0.10156 0.10156
-0.06250 -0.10156 0.09375
-0.07031 -0.10156 0.08594
-0.02344 -0.10156 0.07031
-0.00781 -0.10156 0.06250
-0.04688 -0.10156 0.05469
-0.09375 -0.10156 0.04688
-0.14063 -0.10156 0.03906
0.42969 -0.10156 0.00781
0.40625 -0.10156 0.00000
0.36719 -0.10156 -0.00781
0.30469 -0.10156 -0.01563
-0.39063 -0.10156 -0.10156
-0.41406 -0.10156 -0.10938
0.77344 -0.10156 -0.15625
0.71875 -0.10156 -0.16406
-0.06250 -0.10938 0.14844
-0.05469 -0.10938 0.14063
-0.04688 -0.10938 0.13281
-0.05469 -0.10938 0.12500
-0.06250 -0.10938 0.11719
-0.06250 -0.10938 0.10938
-0.02344 -0.10938 0.07031
-0.00781 -0.10938 0.06250
-0.03906 -0.10938 0.05469
-0.09375 -0.10938 0.04688
-0.14063 -0.10938 0.03906
0.42188 -0.10938 0.00781
0.41406 -0.10938 0.00000
0.38281 -0.10938 -0.00781
0.32813 -0.10938 -0.01563
0.28125 -0.10938 -0.02344
-0.39844 -0.10938 -0.10156
-0.41406 -0.10938 -0.10938
0.78125 -0.10938 -0.15625
0.71094 -0.10938 -0.16406
-0.03125 -0.11719 0.07031
-0.00781 -0.11719 0.06250
-0.03906 -0.11719 0.05469
-0.07813 -0.11719 0.04688
-0.14063 -0.11719 0.03906
0.39844 -0.11719 0.00781
0.42969 -0.11719 0.00000
0.39844 -0.11719 -0.00781
0.32031 -0.11719 -0.01563
0.33594 -0.11719 -0.02344
0.33594 -0.11719 -0.03125
0.31250 -0.11719 -0.03906
0.28125 -0.11719 -0.04688
-0.38281 -0.11719 -0.10156
-0.41406 -0.11719 -0.10938
0.77344 -0.11719 -0.15625
-0.03125 -0.12500 0.07031
-0.00781 -0.12500 0.06250
-0.03906 -0.12500 0.05469
-0.08594 -0.12500 0.04688
-0.13281 -0.12500 0.03906
0.32813 -0.12500 0.01563
0.31250 -0.12500 0.00781
0.41406 -0.12500 0.00000
0.32813 -0.12500 -0.00781
0.33594 -0.12500 -0.01563
0.32813 -0.12500 -0.02344
0.32031 -0.12500 -0.03125
0.34375 -0.12500 -0.03906
0.32813 -0.12500 -0.04688
0.29688 -0.12500 -0.05469
0.21875 -0.12500 -0.06250
-0.38281 -0.12500 -0.10156
-0.40625 -0.12500 -0.10938
0.77344 -0.12500 -0.15625
-0.02344 -0.13281 0.07031
-0.00781 -0.13281 0.06250
-0.03906 -0.13281 0.05469
-0.08594 -0.13281 0.04688
-0.13281 -0.13281 0.03906
0.31250 -0.13281 0.02344
0.31250 -0.13281 0.01563
0.31250 -0.13281 0.00781
0.39063 -0.13281 0.00000
0.40625 -0.13281 -0.00781
0.39844 -0.13281 -0.01563
0.37500 -0.13281 -0.02344
0.35156 -0.13281 -0.03125
0.32813 -0.13281 -0.03906
0.34375 -0.13281 -0.04688
0.32813 -0.13281 -0.05469
0.27344 -0.13281 -0.06250
-0.38281 -0.13281 -0.10156
-0.41406 -0.13281 -0.10938
0.78125 -0.13281 -0.15625
-0.03125 -0.14063 0.07031
-0.00781 -0.14063 0.06250
-0.03125 -0.14063 0.05469
-0.07813 -0.14063 0.04688
-0.13281 -0.14063 0.03906
0.31250 -0.14063 0.02344
0.31250 -0.14063 0.01563
0.42969 -0.14063 0.00781
0.31250 -0.14063 0.00000
0.31250 -0.14063 -0.00781
0.42969 -0.14063 -0.01563
0.41406 -0.14063 -0.02344
0.38281 -0.14063 -0.03125
0.34375 -0.14063 -0.03906
0.32031 -0.14063 -0.04688
0.33594 -0.14063 -0.05469
0.30469 -0.14063 -0.06250
0.25781 -0.14063 -0.07031
-0.38281 -0.14063 -0.10156
-0.41406 -0.14063 -0.10938
0.78125 -0.14063 -0.15625
-0.03125 -0.14844 0.07031
0.00000 -0.14844 0.06250
-0.02344 -0.14844 0.05469
-0.07813 -0.14844 0.04688
-0.12500 -0.14844 0.03906
0.31250 -0.14844 0.03125
0.31250 -0.14844 0.02344
0.39844 -0.14844 0.01563
0.31250 -0.14844 0.00781
0.31250 -0.14844 0.00000
0.31250 -0.14844 -0.00781
0.32031 -0.14844 -0.01563
0.42188 -0.14844 -0.02344
0.39844 -0.14844 -0.03125
0.36719 -0.14844 -0.03906
0.32813 -0.14844 -0.04688
0.34375 -0.14844 -0.05469
0.32031 -0.14844 -0.06250
0.28125 -0.14844 -0.07031
-0.37500 -0.14844 -0.10156
-0.41406 -0.14844 -0.10938
0.78125 -0.14844 -0.15625
-0.03125 -0.15625 0.07031
0.00000 -0.15625 0.06250
-0.03125 -0.15625 0.05469
-0.07813 -0.15625 0.04688
-0.12500 -0.15625 0.03906
0.32813 -0.15625 0.03125
0.31250 -0.15625 0.02344
0.31250 -0.15625 0.01563
0.31250 -0.15625 0.00781
0.30469 -0.15625 0.00000
0.32031 -0.15625 -0.00781
0.32031 -0.15625 -0.01563
0.42969 -0.15625 -0.02344
0.39844 -0.15625 -0.03125
0.37500 -0.15625 -0.03906
0.33594 -0.15625 -0.04688
0.32031 -0.15625 -0.05469
0.32813 -0.15625 -0.06250
0.28125 -0.15625 -0.07031
-0.37500 -0.15625 -0.10156
-0.42188 -0.15625 -0.10938
0.78125 -0.15625 -0.15625
-0.03125 -0.16406 0.07031
0.00000 -0.16406 0.06250
-0.03125 -0.16406 0.05469
-0.06250 -0.16406 0.04688
-0.13281 -0.16406 0.03906
0.31250 -0.16406 0.03125
0.31250 -0.16406 0.02344
0.39844 -0.16406 0.01563
0.31250 -0.16406 0.00781
0.31250 -0.16406 0.00000
0.31250 -0.16406 -0.00781
0.32031 -0.16406 -0.01563
0.42188 -0.16406 -0.02344
0.39844 -0.16406 -0.03125
0.36719 -0.16406 -0.03906
0.32813 -0.16406 -0.04688
0.34375 -0.16406 -0.05469
0.32031 -0.16406 -0.06250
0.27344 -0.16406 -0.07031
-0.37500 -0.16406 -0.10156
-0.43750 -0.16406 -0.10938
-0.03125 -0.17188 0.07031
0.00781 -0.17188 0.06250
-0.03125 -0.17188 0.05469
-0.07031 -0.17188 0.04688
-0.12500 -0.17188 0.03906
0.31250 -0.17188 0.02344
0.31250 -0.17188 0.01563
0.42969 -0.17188 0.00781
0.31250 -0.17188 0.00000
0.30469 -0.17188 -0.00781
0.42969 -0.17188 -0.01563
0.40625 -0.17188 -0.02344
0.38281 -0.17188 -0.03125
0.35156 -0.17188 -0.03906
0.32031 -0.17188 -0.04688
0.33594 -0.17188 -0.05469
0.30469 -0.17188 -0.06250
0.25781 -0.17188 -0.07031
-0.37500 -0.17188 -0.10156
-0.03125 -0.17969 0.07031
0.00000 -0.17969 0.06250
-0.02344 -0.17969 0.05469
-0.07031 -0.17969 0.04688
-0.12500 -0.17969 0.03906
0.32813 -0.17969 0.02344
0.31250 -0.17969 0.01563
0.32031 -0.17969 0.00781
0.39844 -0.17969 0.00000
0.40625 -0.17969 -0.00781
0.39844 -0.17969 -0.01563
0.37500 -0.17969 -0.02344
0.35156 -0.17969 -0.03125
0.32813 -0.17969 -0.03906
0.33594 -0.17969 -0.04688
0.32813 -0.17969 -0.05469
0.28906 -0.17969 -0.06250
-0.36719 -0.17969 -0.10156
-0.01563 -0.18750 0.11719
-0.00781 -0.18750 0.10938
-0.01563 -0.18750 0.10156
-0.03906 -0.18750 0.07031
0.00000 -0.18750 0.06250
-0.02344 -0.18750 0.05469
-0.06250 -0.18750 0.04688
-0.12500 -0.18750 0.03906
0.32813 -0.18750 0.01563
0.31250 -0.18750 0.00781
0.31250 -0.18750 0.00000
0.32813 -0.18750 -0.00781
0.33594 -0.18750 -0.01563
0.32813 -0.18750 -0.02344
0.32031 -0.18750 -0.03125
0.34375 -0.18750 -0.03906
0.32813 -0.18750 -0.04688
0.29688 -0.18750 -0.05469
0.21875 -0.18750 -0.06250
-0.36719 -0.18750 -0.10156
0.00781 -0.19531 0.12500
0.02344 -0.19531 0.11719
0.02344 -0.19531 0.10938
0.00781 -0.19531 0.10156
0.00000 -0.19531 0.09375
-0.03906 -0.19531 0.08594
-0.03906 -0.19531 0.07031
0.00000 -0.19531 0.06250
-0.02344 -0.19531 0.05469
-0.06250 -0.19531 0.04688
-0.12500 -0.19531 0.03906
0.32813 -0.19531 0.00781
0.33594 -0.19531 0.00000
0.31250 -0.19531 -0.00781
0.32031 -0.19531 -0.01563
0.33594 -0.19531 -0.02344
0.33594 -0.19531 -0.03125
0.32031 -0.19531 -0.03906
0.28125 -0.19531 -0.04688
-0.35938 -0.19531 -0.10156
0.00781 -0.20313 0.13281
0.03125 -0.20313 0.12500
0.03906 -0.20313 0.11719
0.03125 -0.20313 0.10938
0.02344 -0.20313 0.10156
0.00781 -0.20313 0.09375
-0.01563 -0.20313 0.08594
-0.03906 -0.20313 0.07031
0.00781 -0.20313 0.06250
-0.02344 -0.20313 0.05469
-0.06250 -0.20313 0.04688
-0.12500 -0.20313 0.03906
0.32031 -0.20313 -0.01563
0.28906 -0.20313 -0.02344
-0.35938 -0.20313 -0.10156
0.01563 -0.21094 0.13281
0.03906 -0.21094 0.12500
0.03906 -0.21094 0.11719
0.03906 -0.21094 0.10938
0.03125 -0.21094 0.10156
0.01563 -0.21094 0.09375
-0.00781 -0.21094 0.08594
-0.01563 -0.21094 0.07813
-0.00781 -0.21094 0.07031
0.00781 -0.21094 0.06250
-0.02344 -0.21094 0.05469
-0.05469 -0.21094 0.04688
-0.12500 -0.21094 0.03906
0.01563 -0.21875 0.13281
0.03125 -0.21875 0.12500
0.03906 -0.21875 0.11719
0.03906 -0.21875 0.10938
0.03125 -0.21875 0.10156
0.01563 -0.21875 0.09375
-0.00781 -0.21875 0.08594
-0.01563 -0.21875 0.07813
-0.00781 -0.21875 0.07031
0.00781 -0.21875 0.06250
-0.02344 -0.21875 0.05469
-0.06250 -0.21875 0.04688
-0.12500 -0.21875 0.03906
-0.01563 -0.22656 0.13281
0.02344 -0.22656 0.12500
0.03125 -0.22656 0.11719
0.02344 -0.22656 0.10938
0.01563 -0.22656 0.10156
0.00000 -0.22656 0.09375
-0.02344 -0.22656 0.08594
0.00781 -0.22656 0.06250
-0.01563 -0.22656 0.05469
-0.05469 -0.22656 0.04688
-0.12500 -0.22656 0.03906
-0.01563 -0.23438 0.12500
0.00781 -0.23438 0.11719
0.00781 -0.23438 0.10938
0.00000 -0.23438 0.10156
-0.01563 -0.23438 0.09375
0.00781 -0.23438 0.06250
-0.01563 -0.23438 0.05469
-0.05469 -0.23438 0.04688
-0.12500 -0.23438 0.03906
0.00000 -0.24219 0.06250
-0.01563 -0.24219 0.05469
-0.04688 -0.24219 0.04688
-0.11719 -0.24219 0.03906
0.00000 -0.25000 0.06250
-0.01563 -0.25000 0.05469
-0.04688 -0.25000 0.04688
-0.10938 -0.25000 0.03906
0.00000 -0.25781 0.06250
-0.01563 -0.25781 0.05469
-0.04688 -0.25781 0.04688
-0.10156 -0.25781 0.03906
0.00000 -0.26563 0.06250
-0.00781 -0.26563 0.05469
-0.03906 -0.26563 0.04688
-0.10156 -0.26563 0.03906
0.00000 -0.27344 0.06250
-0.00781 -0.27344 0.05469
-0.03906 -0.27344 0.04688
-0.10156 -0.27344 0.03906
0.00000 -0.28125 0.06250
-0.01563 -0.28125 0.05469
-0.03125 -0.28125 0.04688
-0.10938 -0.28125 0.03906
0.00000 -0.28906 0.06250
0.00000 -0.28906 0.05469
-0.03125 -0.28906 0.04688
-0.10938 -0.28906 0.03906
0.00000 -0.29688 0.06250
0.00000 -0.29688 0.05469
-0.03125 -0.29688 0.04688
0.00000 -0.30469 0.06250
0.00781 -0.30469 0.05469
-0.02344 -0.30469 0.04688
0.00000 -0.31250 0.06250
0.00781 -0.31250 0.05469
-0.02344 -0.31250 0.04688
0.00781 -0.32031 0.06250
0.02344 -0.32031 0.05469
-0.01563 -0.32031 0.04688
0.00781 -0.32813 0.06250
0.02344 -0.32813 0.05469
-0.01563 -0.32813 0.04688
0.01563 -0.33594 0.06250
0.03125 -0.33594 0.05469
-0.01563 -0.33594 0.04688
0.01563 -0.34375 0.06250
0.03125 -0.34375 0.05469
-0.00781 -0.34375 0.04688
0.01563 -0.35156 0.06250
0.03906 -0.35156 0.05469
0.00000 -0.35156 0.04688
0.02344 -0.35938 0.06250
0.03906 -0.35938 0.05469
0.00000 -0.35938 0.04688
0.02344 -0.36719 0.06250
0.04688 -0.36719 0.05469
0.00781 -0.36719 0.04688
0.02344 -0.37500 0.06250
0.04688 -0.37500 0.05469
0.00781 -0.37500 0.04688
0.03125 -0.38281 0.06250
0.04688 -0.38281 0.05469
0.00781 -0.38281 0.04688
0.03906 -0.39063 0.06250
0.05469 -0.39063 0.05469
0.01563 -0.39063 0.04688
0.03906 -0.39844 0.06250
0.05469 -0.39844 0.05469
0.01563 -0.39844 0.04688
0.03906 -0.40625 0.06250
0.05469 -0.40625 0.05469
0.01563 -0.40625 0.04688
0.03906 -0.41406 0.06250
0.06250 -0.41406 0.05469
0.02344 -0.41406 0.04688
0.03906 -0.42188 0.06250
0.06250 -0.42188 0.05469
0.02344 -0.42188 0.04688
0.03906 -0.42969 0.06250
0.07031 -0.42969 0.05469
0.03125 -0.42969 0.04688
0.07031 -0.43750 0.05469
0.03125 -0.43750 0.04688
0.07031 -0.44531 0.05469
0.03906 -0.44531 0.04688
0.07031 -0.45313 0.05469
0.03906 -0.45313 0.04688
0.07813 -0.46094 0.05469
0.04688 -0.46094 0.04688
0.07813 -0.46875 0.05469
0.04688 -0.46875 0.04688
0.08594 -0.47656 0.05469
0.05469 -0.47656 0.04688
0.08594 -0.48438 0.05469
0.05469 -0.48438 0.04688
0.09375 -0.49219 0.05469
0.06250 -0.49219 0.04688
0.09375 -0.50000 0.05469
0.06250 -0.50000 0.04688
0.09375 -0.50781 0.05469
0.07031 -0.50781 0.04688
0.10156 -0.51563 0.05469
0.07031 -0.51563 0.04688
0.10156 -0.52344 0.05469
0.07813 -0.52344 0.04688
0.10156 -0.53125 0.05469
0.07813 -0.53125 0.04688
0.10938 -0.53906 0.05469
0.08594 -0.53906 0.04688
0.10938 -0.54688 0.05469
0.08594 -0.54688 0.04688
0.11719 -0.55469 0.05469
0.09375 -0.55469 0.04688
0.11719 -0.56250 0.05469
0.09375 -0.56250 0.04688
0.12500 -0.57031 0.05469
0.10156 -0.57031 0.04688
0.12500 -0.57813 0.05469
0.10156 -0.57813 0.04688
0.12500 -0.58594 0.05469
0.10938 -0.58594 0.04688
0.12500 -0.59375 0.05469
0.11719 -0.59375 0.04688
0.12500 -0.60156 0.05469
0.11719 -0.60156 0.04688
0.11719 -0.60938 0.04688
0.12500 -0.61719 0.04688
0.15625 -0.62500 0.06250
0.16406 -0.62500 0.05469
0.15625 -0.62500 0.04688
0.14063 -0.62500 0.03906
0.10156 -0.62500 0.03125
0.16406 -0.63281 0.07031
0.17969 -0.63281 0.06250
0.17969 -0.63281 0.05469
0.17188 -0.63281 0.04688
0.16406 -0.63281 0.03906
0.14063 -0.63281 0.03125
0.09375 -0.63281 0.02344
0.14844 -0.64063 0.07813
0.17969 -0.64063 0.07031
0.18750 -0.64063 0.06250
0.18750 -0.64063 0.05469
0.17969 -0.64063 0.04688
0.17188 -0.64063 0.03906
0.14844 -0.64063 0.03125
0.11719 -0.64063 0.02344
0.14844 -0.64844 0.07813
0.17969 -0.64844 0.07031
0.18750 -0.64844 0.06250
0.18750 -0.64844 0.05469
0.17969 -0.64844 0.04688
0.17969 -0.64844 0.03906
0.15625 -0.64844 0.03125
0.11719 -0.64844 0.02344
0.17188 -0.65625 0.07031
0.17969 -0.65625 0.06250
0.18750 -0.65625 0.05469
0.17969 -0.65625 0.04688
0.16406 -0.65625 0.03906
0.14844 -0.65625 0.03125
0.10156 -0.65625 0.02344
0.14844 -0.66406 0.07031
0.16406 -0.66406 0.06250
0.17188 -0.66406 0.05469
0.16406 -0.66406 0.04688
0.14844 -0.66406 0.03906
0.12500 -0.66406 0.03125
0.13281 -0.67188 0.05469
0.13281 -0.67188 0.04688
